1 0
2 1
3 2
4 3
7 4
11 5
13 6
22 7
23 8
31 9
53 10
59 11
65 12
79 13
83 14
109 15
129 16
168 17
215 18
306 19
518 20
721 21
973 22
1292 23
1408 24
1751 25
1765 26
1932 27
3183 28
4425 29
7598 30
8076 31
9553 32
9959 33
15024 34
24131 35
31593 36
34314 37
35336 38
37673 39
40618 40
52115 41
69008 42
86910 43
102772 44
142238 45
187801 46
201299 47
211758 48
236253 49
276530 50
294380 51
305123 52
309125 53
329871 54
342996 55
356431 56
411423 57
444399 58
455849 59
480327 60
540878 61
572855 62
586856 63
609761 64
620759 65
670126 66
686002 67
729741 68
737402 69
748846 70
760685 71
770947 72
771610 73
815551 74
858830 75
883867 76
908390 77
939105 78
944457 79
961272 80
